-11.57630000   0.00000000  -0.00000000   0.00000000  -0.00000000   0.00000000  -0.00000000   0.00000000  -0.00000000
-11.50230000   0.00000000  -0.00000000   0.00000000  -0.00000000   0.00000000  -0.00000000   0.00000000  -0.00000000
-11.42830000   0.00000000  -0.00000000   0.00000000  -0.00000000   0.00000000  -0.00000000   0.00000000  -0.00000000
-11.35530000   0.00000000  -0.00000000   0.00000000  -0.00000000   0.00000000  -0.00000000   0.00000000  -0.00000000
-11.28130000   0.00000000  -0.00000000   0.00000000  -0.00000000   0.00000000  -0.00000000   0.00000000  -0.00000000
-11.20730000  -0.00000000   0.00000000  -0.00000000   0.00000000  -0.00000000   0.00000000   0.00000000  -0.00000000
-11.13330000  -0.00000000   0.00000000  -0.00000000   0.00000000  -0.00000000   0.00000000   0.00000000  -0.00000000
-11.05930000  -0.00000000   0.00000000  -0.00000000   0.00000000  -0.00000000   0.00000000   0.00000000  -0.00000000
-10.98530000  -0.00000000   0.00000000  -0.00000000   0.00000000  -0.00000000   0.00000000   0.00000000  -0.00000000
-10.91130000  -0.00000000   0.00000000  -0.00000000   0.00000000  -0.00000000   0.00000000   0.00000000  -0.00000000
-10.83730000  -0.00000000   0.00000000  -0.00000000   0.00000000  -0.00000000   0.00000000   0.00000000  -0.00000000
-10.76430000  -0.00000000   0.00000000  -0.00000000   0.00000000  -0.00000000   0.00000000   0.00000000  -0.00000000
-10.69030000  -0.00000000   0.00000000  -0.00000000   0.00000000  -0.00000000   0.00000000   0.00000000  -0.00000000
-10.61630000  -0.00000000   0.00000000  -0.00000000   0.00000000  -0.00000000   0.00000000   0.00000000  -0.00000000
-10.54230000  -0.00000000   0.00000000  -0.00000000   0.00000000  -0.00000000   0.00000000   0.00000000  -0.00000000
-10.46830000  -0.00000000   0.00000000  -0.00000000   0.00000000  -0.00000000   0.00000000   0.00000000  -0.00000000
-10.39430000  -0.00000000   0.00000000  -0.00000000   0.00000000  -0.00000000   0.00000000   0.00000000  -0.00000000
-10.32030000  -0.00000000   0.00000000  -0.00000000   0.00000000  -0.00000000   0.00000000   0.00000000  -0.00000000
-10.24730000  -0.00000005   0.00000005  -0.00000001   0.00000001  -0.00000000   0.00000000   0.00000000  -0.00000000
-10.17330000  -0.00000040   0.00000041  -0.00000005   0.00000005  -0.00000000   0.00000000   0.00000000  -0.00000000
-10.09930000  -0.00000264   0.00000270  -0.00000031   0.00000032  -0.00000000   0.00000000   0.00000000  -0.00000000
-10.02530000  -0.00001264   0.00001286  -0.00000149   0.00000152  -0.00000001   0.00000001   0.00000000  -0.00000000
 -9.95130000  -0.00004372   0.00004430  -0.00000521   0.00000528  -0.00000005   0.00000005   0.00000000  -0.00000000
 -9.87730000  -0.00010650   0.00010740  -0.00001304   0.00001316  -0.00000027   0.00000027   0.00000000  -0.00000000
 -9.80330000  -0.00016970   0.00017010  -0.00002212   0.00002219  -0.00000100   0.00000102   0.00000000  -0.00000000
 -9.72930000  -0.00010510   0.00010240  -0.00001791   0.00001764  -0.00000244   0.00000246   0.00000000  -0.00000000
 -9.65630000   0.00037080  -0.00038130   0.00003664  -0.00003791  -0.00000284   0.00000282   0.00000000  -0.00000000
 -9.58230000   0.00172700  -0.00175100   0.00020870  -0.00021190   0.00000315  -0.00000329   0.00000000  -0.00000000
 -9.50830000   0.00424300  -0.00427900   0.00054200  -0.00054680   0.00002011  -0.00002039   0.00000000  -0.00000000
 -9.43430000   0.00701100  -0.00703700   0.00091410  -0.00091760   0.00004062  -0.00004084   0.00000000  -0.00000000
 -9.36030000   0.00790800  -0.00789900   0.00103500  -0.00103400   0.00004616  -0.00004610   0.00000000  -0.00000000
 -9.28630000   0.00605600  -0.00602100   0.00079220  -0.00078760   0.00003384  -0.00003369   0.00000000  -0.00000000
 -9.21230000   0.00372800  -0.00371000   0.00051600  -0.00051440   0.00003657  -0.00003692   0.00000000  -0.00000000
 -9.13830000   0.00398500  -0.00400900   0.00064460  -0.00064930   0.00009496  -0.00009615   0.00000000  -0.00000000
 -9.06530000   0.00698800  -0.00703300   0.00119200  -0.00120000   0.00020870  -0.00021040   0.00000000  -0.00000000
 -8.99130000   0.01018000  -0.01021000   0.00176400  -0.00176900   0.00033090  -0.00033230   0.00000000  -0.00000000
 -8.91730000   0.01121000  -0.01120000   0.00198000  -0.00197900   0.00039830  -0.00039870   0.00000000  -0.00000000
 -8.84330000   0.00939400  -0.00935300   0.00168800  -0.00168100   0.00035800  -0.00035680   0.00000000  -0.00000000
 -8.76930000   0.00552300  -0.00546600   0.00099280  -0.00098230   0.00020590  -0.00020360   0.00000000  -0.00000000
 -8.69530000   0.00156900  -0.00152900   0.00026090  -0.00025340   0.00002934  -0.00002761   0.00000000  -0.00000000
 -8.62130000  -0.00001017   0.00000548   0.00001160  -0.00001378  -0.00000195   0.00000051   0.00000000  -0.00000000
 -8.54830000   0.00235600  -0.00241300   0.00062670  -0.00064060   0.00027190  -0.00027780   0.00000000  -0.00000000
 -8.47430000   0.00774200  -0.00781600   0.00192300  -0.00194100   0.00080490  -0.00081270   0.00000000  -0.00000000
 -8.40030000   0.01240000  -0.01244000   0.00299900  -0.00300700   0.00125600  -0.00126000   0.00000000  -0.00000000
 -8.32630000   0.01347000  -0.01347000   0.00307600  -0.00307000   0.00134600  -0.00134600   0.00000000  -0.00000000
 -8.25230000   0.01347000  -0.01349000   0.00254400  -0.00253800   0.00128800  -0.00128900   0.00000000  -0.00000000
 -8.17830000   0.01743000  -0.01752000   0.00238300  -0.00238500   0.00147000  -0.00147500   0.00000000  -0.00000000
 -8.10430000   0.02467000  -0.02475000   0.00264600  -0.00264800   0.00177300  -0.00177400   0.00000000  -0.00000000
 -8.03030000   0.02752000  -0.02748000   0.00246500  -0.00245400   0.00165800  -0.00165000   0.00000000  -0.00000000
 -7.95730000   0.02137000  -0.02123000   0.00153000  -0.00151400   0.00099600  -0.00098370   0.00000000  -0.00000000
 -7.88330000   0.01303000  -0.01295000   0.00083660  -0.00083590   0.00048430  -0.00048280   0.00000000  -0.00000000
 -7.80930000   0.01434000  -0.01446000   0.00177100  -0.00180000   0.00112600  -0.00114700   0.00000000  -0.00000000
 -7.73530000   0.02808000  -0.02832000   0.00456300  -0.00461200   0.00318400  -0.00322300   0.00000000  -0.00000000
 -7.66130000   0.04409000  -0.04425000   0.00762600  -0.00766000   0.00554500  -0.00557500   0.00000000  -0.00000000
 -7.58730000   0.04956000  -0.04951000   0.00874300  -0.00873500   0.00651900  -0.00652000   0.00000000  -0.00000000
 -7.51330000   0.04039000  -0.04015000   0.00719500  -0.00715500   0.00561800  -0.00559800   0.00000000  -0.00000000
 -7.43930000   0.02317000  -0.02291000   0.00436500  -0.00432400   0.00393300  -0.00391100   0.00000000  -0.00000000
 -7.36630000   0.00902400  -0.00888100   0.00219000  -0.00216700   0.00249600  -0.00247400   0.00000000  -0.00000000
 -7.29230000   0.00659400  -0.00665100   0.00174700  -0.00175000   0.00140400  -0.00137700   0.00000000  -0.00000000
 -7.21830000   0.01792000  -0.01816000   0.00319300  -0.00322200   0.00105800  -0.00105700   0.00000000  -0.00000000
 -7.14430000   0.03693000  -0.03724000   0.00595400  -0.00600500   0.00339000  -0.00349000   0.00000000  -0.00000000
 -7.07030000   0.05462000  -0.05495000   0.00907800  -0.00914400   0.01127000  -0.01154000   0.00000000  -0.00000000
 -6.99630000   0.06766000  -0.06799000   0.01175000  -0.01181000   0.02548000  -0.02591000   0.00000000  -0.00000000
 -6.92230000   0.07488000  -0.07506000   0.01286000  -0.01288000   0.04090000  -0.04132000   0.00000000  -0.00000000
 -6.84830000   0.06984000  -0.06968000   0.01130000  -0.01126000   0.04877000  -0.04898000   0.00000000  -0.00000000
 -6.77530000   0.05234000  -0.05199000   0.00830600  -0.00827300   0.04690000  -0.04695000   0.00000000  -0.00000000
 -6.70130000   0.04133000  -0.04133000   0.00784500  -0.00789600   0.04481000  -0.04494000   0.00000000  -0.00000000
 -6.62730000   0.05724000  -0.05783000   0.01262000  -0.01276000   0.05392000  -0.05429000   0.00000000  -0.00000000
 -6.55330000   0.09278000  -0.09352000   0.02032000  -0.02047000   0.07433000  -0.07484000   0.00000000  -0.00000000
 -6.47930000   0.11720000  -0.11740000   0.02541000  -0.02547000   0.09430000  -0.09467000   0.00000000  -0.00000000
 -6.40530000   0.11060000  -0.11010000   0.02477000  -0.02472000   0.10150000  -0.10140000   0.00000000  -0.00000000
 -6.33130000   0.08076000  -0.07996000   0.02036000  -0.02025000   0.09253000  -0.09215000   0.00000000  -0.00000000
 -6.25830000   0.04970000  -0.04908000   0.01639000  -0.01633000   0.07486000  -0.07441000   0.00000000  -0.00000000
 -6.18430000   0.03573000  -0.03567000   0.01582000  -0.01586000   0.06228000  -0.06222000   0.00000000  -0.00000000
 -6.11030000   0.04573000  -0.04627000   0.01895000  -0.01908000   0.06917000  -0.06994000   0.00000000  -0.00000000
 -6.03630000   0.07297000  -0.07382000   0.02403000  -0.02421000   0.10540000  -0.10720000   0.00000000  -0.00000000
 -5.96230000   0.10260000  -0.10340000   0.02903000  -0.02921000   0.17200000  -0.17470000   0.00000000  -0.00000000
 -5.88830000   0.12250000  -0.12290000   0.03232000  -0.03239000   0.25650000  -0.25920000   0.00000000  -0.00000000
 -5.81430000   0.12790000  -0.12790000   0.03207000  -0.03194000   0.33350000  -0.33510000   0.00000000  -0.00000000
 -5.74030000   0.11990000  -0.11940000   0.02776000  -0.02749000   0.37680000  -0.37690000   0.00000000  -0.00000000
 -5.66730000   0.10600000  -0.10560000   0.02278000  -0.02261000   0.38310000  -0.38270000   0.00000000  -0.00000000
 -5.59330000   0.10210000  -0.10240000   0.02310000  -0.02323000   0.37900000  -0.37930000   0.00000000  -0.00000000
 -5.51930000   0.11580000  -0.11650000   0.03043000  -0.03073000   0.38510000  -0.38570000   0.00000000  -0.00000000
 -5.44530000   0.12980000  -0.13000000   0.03812000  -0.03825000   0.38490000  -0.38450000   0.00000000  -0.00000000
 -5.37130000   0.12140000  -0.12070000   0.03820000  -0.03800000   0.35720000  -0.35570000   0.00000000  -0.00000000
 -5.29730000   0.09245000  -0.09140000   0.03102000  -0.03071000   0.31540000  -0.31390000   0.00000000  -0.00000000
 -5.22330000   0.06217000  -0.06139000   0.02318000  -0.02297000   0.27950000  -0.27840000   0.00000000  -0.00000000
 -5.14930000   0.04146000  -0.04096000   0.01857000  -0.01849000   0.25060000  -0.24990000   0.00000000  -0.00000000
 -5.07630000   0.02883000  -0.02850000   0.01686000  -0.01687000   0.23970000  -0.24050000   0.00000000  -0.00000000
 -5.00230000   0.02156000  -0.02139000   0.01772000  -0.01783000   0.27350000  -0.27650000   0.00000000  -0.00000000
 -4.92830000   0.01899000  -0.01899000   0.02180000  -0.02204000   0.35640000  -0.36080000   0.00000000  -0.00000000
 -4.85430000   0.01995000  -0.02003000   0.02823000  -0.02849000   0.45430000  -0.45800000   0.00000000  -0.00000000
 -4.78030000   0.02132000  -0.02132000   0.03337000  -0.03347000   0.51670000  -0.51780000   0.00000000  -0.00000000
 -4.70630000   0.01973000  -0.01956000   0.03431000  -0.03424000   0.51920000  -0.51820000   0.00000000  -0.00000000
 -4.63230000   0.01578000  -0.01561000   0.03281000  -0.03275000   0.49110000  -0.49000000   0.00000000  -0.00000000
 -4.55830000   0.01392000  -0.01398000   0.03257000  -0.03261000   0.47640000  -0.47640000   0.00000000  -0.00000000
 -4.48530000   0.01633000  -0.01655000   0.03356000  -0.03359000   0.47900000  -0.47910000   0.00000000  -0.00000000
 -4.41130000   0.01954000  -0.01966000   0.03270000  -0.03258000   0.47220000  -0.47140000   0.00000000  -0.00000000
 -4.33730000   0.01884000  -0.01869000   0.02814000  -0.02785000   0.43630000  -0.43380000   0.00000000  -0.00000000
 -4.26330000   0.01380000  -0.01351000   0.02081000  -0.02044000   0.37110000  -0.36750000   0.00000000  -0.00000000
 -4.18930000   0.00826600  -0.00805700   0.01361000  -0.01332000   0.30880000  -0.30660000   0.00000000  -0.00000000
 -4.11530000   0.00568700  -0.00566100   0.00997200  -0.00991300   0.30940000  -0.31140000   0.00000000  -0.00000000
 -4.04130000   0.00619100  -0.00628600   0.01141000  -0.01158000   0.40080000  -0.40650000   0.00000000  -0.00000000
 -3.96830000   0.00819700  -0.00834500   0.01606000  -0.01630000   0.52670000  -0.53190000   0.00000000  -0.00000000
 -3.89430000   0.01114000  -0.01135000   0.02052000  -0.02070000   0.59940000  -0.60120000   0.00000000  -0.00000000
 -3.82030000   0.01538000  -0.01565000   0.02338000  -0.02349000   0.60050000  -0.59990000   0.00000000  -0.00000000
 -3.74630000   0.02036000  -0.02060000   0.02577000  -0.02588000   0.58430000  -0.58390000   0.00000000  -0.00000000
 -3.67230000   0.02478000  -0.02491000   0.02885000  -0.02896000   0.59420000  -0.59460000   0.00000000  -0.00000000
 -3.59830000   0.02863000  -0.02871000   0.03258000  -0.03268000   0.62730000  -0.62830000   0.00000000  -0.00000000
 -3.52430000   0.03362000  -0.03375000   0.03710000  -0.03723000   0.68260000  -0.68540000   0.00000000  -0.00000000
 -3.45030000   0.04005000  -0.04020000   0.04266000  -0.04282000   0.77770000  -0.78290000   0.00000000  -0.00000000
 -3.37730000   0.04356000  -0.04352000   0.04649000  -0.04652000   0.88280000  -0.88730000   0.00000000  -0.00000000
 -3.30330000   0.03853000  -0.03814000   0.04363000  -0.04336000   0.91600000  -0.91630000   0.00000000  -0.00000000
 -3.22930000   0.02571000  -0.02516000   0.03373000  -0.03329000   0.85870000  -0.85590000   0.00000000  -0.00000000
 -3.15530000   0.01297000  -0.01260000   0.02322000  -0.02290000   0.79730000  -0.79590000   0.00000000  -0.00000000
 -3.08130000   0.00749300  -0.00749100   0.01856000  -0.01853000   0.82070000  -0.82350000   0.00000000  -0.00000000
 -3.00730000   0.01081000  -0.01114000   0.02122000  -0.02146000   0.93970000  -0.94580000   0.00000000  -0.00000000
 -2.93330000   0.01988000  -0.02033000   0.02904000  -0.02941000   1.08100000  -1.08500000   0.00000000  -0.00000000
 -2.85930000   0.02969000  -0.03003000   0.03952000  -0.03990000   1.12800000  -1.12600000   0.00000000  -0.00000000
 -2.78630000   0.03713000  -0.03732000   0.05209000  -0.05246000   1.04400000  -1.03700000   0.00000000  -0.00000000
 -2.71230000   0.04378000  -0.04398000   0.06660000  -0.06697000   0.92970000  -0.92450000   0.00000000  -0.00000000
 -2.63830000   0.05180000  -0.05205000   0.07880000  -0.07899000   0.88340000  -0.88230000   0.00000000  -0.00000000
 -2.56430000   0.05807000  -0.05816000   0.08181000  -0.08164000   0.85610000  -0.85390000   0.00000000  -0.00000000
 -2.49030000   0.05622000  -0.05593000   0.07335000  -0.07284000   0.74060000  -0.73350000   0.00000000  -0.00000000
 -2.41630000   0.04420000  -0.04361000   0.05783000  -0.05722000   0.54240000  -0.53430000   0.00000000  -0.00000000
 -2.34230000   0.02745000  -0.02687000   0.04282000  -0.04240000   0.39930000  -0.39840000   0.00000000  -0.00000000
 -2.26930000   0.01420000  -0.01390000   0.03528000  -0.03525000   0.44630000  -0.45610000   0.00000000  -0.00000000
 -2.19530000   0.00859500  -0.00856600   0.03689000  -0.03717000   0.67180000  -0.68650000   0.00000000  -0.00000000
 -2.12130000   0.00865100  -0.00873500   0.04170000  -0.04194000   0.91130000  -0.92080000   0.00000000  -0.00000000
 -2.04730000   0.01023000  -0.01030000   0.04229000  -0.04223000   1.00100000  -1.00000000   0.00000000  -0.00000000
 -1.97330000   0.01122000  -0.01125000   0.03767000  -0.03740000   0.91560000  -0.90700000   0.00000000  -0.00000000
 -1.89930000   0.01192000  -0.01195000   0.03253000  -0.03229000   0.74240000  -0.73230000   0.00000000  -0.00000000
 -1.82530000   0.01336000  -0.01343000   0.03181000  -0.03181000   0.58970000  -0.58330000   0.00000000  -0.00000000
 -1.75130000   0.01558000  -0.01566000   0.03772000  -0.03802000   0.53280000  -0.53250000   0.00000000  -0.00000000
 -1.67830000   0.01714000  -0.01713000   0.04729000  -0.04761000   0.57690000  -0.58080000   0.00000000  -0.00000000
 -1.60430000   0.01715000  -0.01707000   0.05330000  -0.05331000   0.65330000  -0.65700000   0.00000000  -0.00000000
 -1.53030000   0.01770000  -0.01772000   0.05318000  -0.05300000   0.69650000  -0.69800000   0.00000000  -0.00000000
 -1.45630000   0.02161000  -0.02186000   0.05260000  -0.05259000   0.71150000  -0.71240000   0.00000000  -0.00000000
 -1.38230000   0.02804000  -0.02840000   0.05472000  -0.05482000   0.73840000  -0.74060000   0.00000000  -0.00000000
 -1.30830000   0.03280000  -0.03304000   0.05379000  -0.05364000   0.79400000  -0.79820000   0.00000000  -0.00000000
 -1.23430000   0.03307000  -0.03310000   0.04520000  -0.04478000   0.87680000  -0.88290000   0.00000000  -0.00000000
 -1.16030000   0.03005000  -0.02997000   0.03412000  -0.03378000   0.98360000  -0.99050000   0.00000000  -0.00000000
 -1.08730000   0.02675000  -0.02667000   0.02872000  -0.02870000   1.08400000  -1.08900000   0.00000000  -0.00000000
 -1.01330000   0.02405000  -0.02391000   0.02973000  -0.02983000   1.11100000  -1.10900000   0.00000000  -0.00000000
 -0.93930000   0.02033000  -0.02007000   0.03086000  -0.03077000   1.01900000  -1.01100000   0.00000000  -0.00000000
 -0.86530000   0.01526000  -0.01498000   0.02837000  -0.02817000   0.85310000  -0.84470000   0.00000000  -0.00000000
 -0.79130000   0.01178000  -0.01171000   0.02650000  -0.02653000   0.71650000  -0.71260000   0.00000000  -0.00000000
 -0.71730000   0.01281000  -0.01301000   0.03050000  -0.03084000   0.67120000  -0.67210000   0.00000000  -0.00000000
 -0.64330000   0.01748000  -0.01778000   0.03772000  -0.03801000   0.69230000  -0.69450000   0.00000000  -0.00000000
 -0.56930000   0.02205000  -0.02223000   0.04062000  -0.04051000   0.71350000  -0.71380000   0.00000000  -0.00000000
 -0.49630000   0.02371000  -0.02371000   0.03650000  -0.03608000   0.69580000  -0.69380000   0.00000000  -0.00000000
 -0.42230000   0.02264000  -0.02256000   0.02977000  -0.02942000   0.66270000  -0.66210000   0.00000000  -0.00000000
 -0.34830000   0.02064000  -0.02056000   0.02625000  -0.02620000   0.68710000  -0.69230000   0.00000000  -0.00000000
 -0.27430000   0.01893000  -0.01887000   0.02758000  -0.02775000   0.81400000  -0.82500000   0.00000000  -0.00000000
 -0.20030000   0.01765000  -0.01762000   0.03064000  -0.03074000   0.98800000  -0.99880000   0.00000000  -0.00000000
 -0.12630000   0.01700000  -0.01702000   0.03148000  -0.03139000   1.09300000  -1.09800000   0.00000000  -0.00000000
 -0.05230000   0.01755000  -0.01768000   0.02959000  -0.02940000   1.06500000  -1.06200000   0.00000000  -0.00000000
  0.02070000   0.01891000  -0.01904000   0.02716000  -0.02701000   0.92680000  -0.91920000   0.00000000  -0.00000000
  0.09470000   0.01860000  -0.01854000   0.02487000  -0.02471000   0.74780000  -0.73860000   0.00000000  -0.00000000
  0.16870000   0.01465000  -0.01438000   0.02106000  -0.02084000   0.57960000  -0.57070000   0.00000000  -0.00000000
  0.24270000   0.00926000  -0.00903600   0.01596000  -0.01579000   0.44870000  -0.44160000   0.00000000  -0.00000000
  0.31670000   0.00788800  -0.00804400   0.01328000  -0.01334000   0.37200000  -0.36790000   0.00000000  -0.00000000
  0.39070000   0.01346000  -0.01398000   0.01549000  -0.01574000   0.34660000  -0.34460000   0.00000000  -0.00000000
  0.46470000   0.02197000  -0.02242000   0.01980000  -0.01997000   0.33260000  -0.33020000   0.00000000  -0.00000000
  0.53870000   0.02529000  -0.02523000   0.02099000  -0.02085000   0.28890000  -0.28480000   0.00000000  -0.00000000
  0.61170000   0.01954000  -0.01900000   0.01677000  -0.01638000   0.21640000  -0.21190000   0.00000000  -0.00000000
  0.68570000   0.00917300  -0.00859400   0.00987700  -0.00953100   0.14570000  -0.14250000   0.00000000  -0.00000000
  0.75970000   0.00196500  -0.00174800   0.00640100  -0.00642700   0.10490000  -0.10390000   0.00000000  -0.00000000
  0.83370000   0.00305100  -0.00336300   0.01213000  -0.01267000   0.10680000  -0.10810000   0.00000000  -0.00000000
  0.90770000   0.01432000  -0.01517000   0.02847000  -0.02942000   0.14540000  -0.14790000   0.00000000  -0.00000000
  0.98170000   0.03382000  -0.03494000   0.04978000  -0.05075000   0.19870000  -0.20100000   0.00000000  -0.00000000
  1.05570000   0.05226000  -0.05296000   0.06453000  -0.06496000   0.23670000  -0.23750000   0.00000000  -0.00000000
  1.12970000   0.05649000  -0.05624000   0.06278000  -0.06237000   0.23010000  -0.22840000   0.00000000  -0.00000000
  1.20270000   0.04269000  -0.04172000   0.04537000  -0.04440000   0.17180000  -0.16830000   0.00000000  -0.00000000
  1.27670000   0.02134000  -0.02037000   0.02357000  -0.02266000   0.09199000  -0.08849000   0.00000000  -0.00000000
  1.35070000   0.00547600  -0.00496200   0.00960000  -0.00919700   0.03304000  -0.03119000   0.00000000  -0.00000000
  1.42470000  -0.00087570   0.00099090   0.00865500  -0.00877900   0.01486000  -0.01472000   0.00000000  -0.00000000
  1.49870000  -0.00138500   0.00134700   0.01655000  -0.01687000   0.02651000  -0.02713000   0.00000000  -0.00000000
  1.57270000  -0.00045740   0.00041020   0.02294000  -0.02307000   0.04211000  -0.04251000   0.00000000  -0.00000000
  1.64670000   0.00040300  -0.00046550   0.02151000  -0.02142000   0.04549000  -0.04550000   0.00000000  -0.00000000
  1.72070000   0.00251900  -0.00267900   0.01756000  -0.01760000   0.04272000  -0.04286000   0.00000000  -0.00000000
  1.79370000   0.00825400  -0.00857800   0.02180000  -0.02223000   0.04792000  -0.04852000   0.00000000  -0.00000000
  1.86770000   0.01838000  -0.01884000   0.03763000  -0.03833000   0.06480000  -0.06574000   0.00000000  -0.00000000
  1.94170000   0.03027000  -0.03074000   0.05665000  -0.05724000   0.08726000  -0.08826000   0.00000000  -0.00000000
  2.01570000   0.03934000  -0.03968000   0.06591000  -0.06602000   0.10620000  -0.10680000   0.00000000  -0.00000000
  2.08970000   0.04218000  -0.04224000   0.05960000  -0.05921000   0.11090000  -0.11060000   0.00000000  -0.00000000
  2.16370000   0.03756000  -0.03727000   0.04389000  -0.04333000   0.09478000  -0.09356000   0.00000000  -0.00000000
  2.23770000   0.02732000  -0.02686000   0.03192000  -0.03167000   0.06810000  -0.06689000   0.00000000  -0.00000000
  2.31070000   0.01769000  -0.01741000   0.03511000  -0.03549000   0.05582000  -0.05579000   0.00000000  -0.00000000
  2.38470000   0.01527000  -0.01537000   0.05357000  -0.05435000   0.07391000  -0.07521000   0.00000000  -0.00000000
  2.45870000   0.02023000  -0.02055000   0.07251000  -0.07301000   0.10990000  -0.11140000   0.00000000  -0.00000000
  2.53270000   0.02635000  -0.02656000   0.07452000  -0.07430000   0.13410000  -0.13460000   0.00000000  -0.00000000
  2.60670000   0.02740000  -0.02732000   0.05768000  -0.05695000   0.12810000  -0.12720000   0.00000000  -0.00000000
  2.68070000   0.02226000  -0.02196000   0.03708000  -0.03645000   0.09870000  -0.09720000   0.00000000  -0.00000000
  2.75470000   0.01475000  -0.01445000   0.02954000  -0.02944000   0.06751000  -0.06629000   0.00000000  -0.00000000
  2.82870000   0.00932300  -0.00914300   0.03924000  -0.03957000   0.05011000  -0.04951000   0.00000000  -0.00000000
  2.90170000   0.00689100  -0.00680300   0.05468000  -0.05496000   0.04458000  -0.04427000   0.00000000  -0.00000000
  2.97570000   0.00535900  -0.00529600   0.05884000  -0.05871000   0.03880000  -0.03844000   0.00000000  -0.00000000
  3.04970000   0.00384300  -0.00384800   0.04671000  -0.04633000   0.02819000  -0.02793000   0.00000000  -0.00000000
  3.12370000   0.00479800  -0.00499600   0.03044000  -0.03026000   0.02262000  -0.02291000   0.00000000  -0.00000000
  3.19770000   0.01084000  -0.01125000   0.02361000  -0.02378000   0.03303000  -0.03397000   0.00000000  -0.00000000
  3.27170000   0.02021000  -0.02062000   0.02697000  -0.02726000   0.05484000  -0.05579000   0.00000000  -0.00000000
  3.34570000   0.02740000  -0.02756000   0.03356000  -0.03375000   0.07126000  -0.07153000   0.00000000  -0.00000000
  3.41970000   0.02879000  -0.02866000   0.04021000  -0.04034000   0.07263000  -0.07219000   0.00000000  -0.00000000
  3.49270000   0.02570000  -0.02547000   0.04792000  -0.04812000   0.06515000  -0.06460000   0.00000000  -0.00000000
  3.56670000   0.02198000  -0.02187000   0.05591000  -0.05611000   0.06004000  -0.05981000   0.00000000  -0.00000000
  3.64070000   0.02066000  -0.02070000   0.06004000  -0.06006000   0.06028000  -0.06029000   0.00000000  -0.00000000
  3.71470000   0.02129000  -0.02134000   0.05529000  -0.05495000   0.05878000  -0.05860000   0.00000000  -0.00000000
  3.78870000   0.01958000  -0.01944000   0.03974000  -0.03909000   0.04685000  -0.04624000   0.00000000  -0.00000000
  3.86270000   0.01268000  -0.01237000   0.02014000  -0.01958000   0.02626000  -0.02554000   0.00000000  -0.00000000
  3.93670000   0.00465000  -0.00443400   0.01129000  -0.01134000   0.01204000  -0.01185000   0.00000000  -0.00000000
  4.01070000   0.00379000  -0.00397000   0.02497000  -0.02585000   0.02030000  -0.02105000   0.00000000  -0.00000000
  4.08370000   0.01529000  -0.01592000   0.05860000  -0.05992000   0.05361000  -0.05506000   0.00000000  -0.00000000
  4.15770000   0.03535000  -0.03610000   0.09426000  -0.09525000   0.09562000  -0.09691000   0.00000000  -0.00000000
  4.23170000   0.05079000  -0.05110000   0.10960000  -0.10960000   0.11900000  -0.11920000   0.00000000  -0.00000000
  4.30570000   0.04920000  -0.04883000   0.09399000  -0.09301000   0.10610000  -0.10500000   0.00000000  -0.00000000
  4.37970000   0.03271000  -0.03204000   0.05749000  -0.05617000   0.06621000  -0.06464000   0.00000000  -0.00000000
  4.45370000   0.01622000  -0.01582000   0.02203000  -0.02111000   0.02699000  -0.02594000   0.00000000  -0.00000000
  4.52770000   0.01026000  -0.01024000   0.00262800  -0.00231800   0.00749400  -0.00722700   0.00000000  -0.00000000
  4.60070000   0.01141000  -0.01145000  -0.00109200   0.00102200   0.00568200  -0.00580700   0.00000000  -0.00000000
  4.67470000   0.01099000  -0.01087000   0.00334000  -0.00353900   0.00985800  -0.00998100   0.00000000  -0.00000000
  4.74870000   0.00676500  -0.00657100   0.01202000  -0.01232000   0.01432000  -0.01442000   0.00000000  -0.00000000
  4.82270000   0.00264300  -0.00253600   0.02509000  -0.02551000   0.02092000  -0.02112000   0.00000000  -0.00000000
  4.89670000   0.00127800  -0.00126900   0.03890000  -0.03923000   0.02932000  -0.02951000   0.00000000  -0.00000000
  4.97070000   0.00130800  -0.00130400   0.04345000  -0.04335000   0.03237000  -0.03228000   0.00000000  -0.00000000
  5.04470000   0.00060080  -0.00055980   0.03322000  -0.03273000   0.02472000  -0.02433000   0.00000000  -0.00000000
  5.11870000  -0.00026130   0.00026110   0.01764000  -0.01725000   0.01237000  -0.01203000   0.00000000  -0.00000000
  5.19170000   0.00216600  -0.00234900   0.01304000  -0.01316000   0.00788800  -0.00796300   0.00000000  -0.00000000
  5.26570000   0.01086000  -0.01128000   0.02428000  -0.02479000   0.01686000  -0.01733000   0.00000000  -0.00000000
  5.33970000   0.02448000  -0.02501000   0.03967000  -0.04010000   0.03230000  -0.03281000   0.00000000  -0.00000000
  5.41370000   0.03866000  -0.03916000   0.04514000  -0.04520000   0.04306000  -0.04331000   0.00000000  -0.00000000
  5.48770000   0.05164000  -0.05209000   0.03949000  -0.03932000   0.04573000  -0.04576000   0.00000000  -0.00000000
  5.56170000   0.06278000  -0.06305000   0.03109000  -0.03089000   0.04408000  -0.04397000   0.00000000  -0.00000000
  5.63570000   0.06503000  -0.06480000   0.02367000  -0.02342000   0.03861000  -0.03828000   0.00000000  -0.00000000
  5.70970000   0.05046000  -0.04967000   0.01469000  -0.01433000   0.02659000  -0.02605000   0.00000000  -0.00000000
  5.78270000   0.02634000  -0.02561000   0.00587900  -0.00564400   0.01327000  -0.01293000   0.00000000  -0.00000000
  5.85670000   0.01428000  -0.01442000   0.00616100  -0.00638700   0.01301000  -0.01341000   0.00000000  -0.00000000
  5.93070000   0.02929000  -0.03044000   0.02215000  -0.02288000   0.03486000  -0.03601000   0.00000000  -0.00000000
  6.00470000   0.06588000  -0.06737000   0.04859000  -0.04944000   0.07000000  -0.07120000   0.00000000  -0.00000000
  6.07870000   0.10710000  -0.10820000   0.07104000  -0.07152000   0.09875000  -0.09929000   0.00000000  -0.00000000
  6.15270000   0.14070000  -0.14120000   0.07891000  -0.07889000   0.11000000  -0.10980000   0.00000000  -0.00000000
  6.22670000   0.15710000  -0.15690000   0.07258000  -0.07221000   0.10570000  -0.10510000   0.00000000  -0.00000000
  6.29970000   0.14350000  -0.14240000   0.05783000  -0.05730000   0.08845000  -0.08762000   0.00000000  -0.00000000
  6.37370000   0.09861000  -0.09684000   0.04037000  -0.03986000   0.06029000  -0.05930000   0.00000000  -0.00000000
  6.44770000   0.04562000  -0.04414000   0.02596000  -0.02568000   0.03077000  -0.02998000   0.00000000  -0.00000000
  6.52170000   0.01098000  -0.01034000   0.01836000  -0.01832000   0.01144000  -0.01110000   0.00000000  -0.00000000
  6.59570000   0.00072690  -0.00076540   0.01599000  -0.01601000   0.00540600  -0.00544200   0.00000000  -0.00000000
  6.66970000   0.00841100  -0.00890700   0.01586000  -0.01591000   0.01017000  -0.01047000   0.00000000  -0.00000000
  6.74370000   0.03184000  -0.03282000   0.02106000  -0.02137000   0.02460000  -0.02517000   0.00000000  -0.00000000
  6.81770000   0.06898000  -0.07026000   0.03786000  -0.03859000   0.04606000  -0.04675000   0.00000000  -0.00000000
  6.89070000   0.10450000  -0.10540000   0.06349000  -0.06431000   0.06475000  -0.06517000   0.00000000  -0.00000000
  6.96470000   0.11500000  -0.11480000   0.08270000  -0.08300000   0.06874000  -0.06858000   0.00000000  -0.00000000
  7.03870000   0.09218000  -0.09108000   0.08150000  -0.08105000   0.05555000  -0.05492000   0.00000000  -0.00000000
  7.11270000   0.05251000  -0.05126000   0.06213000  -0.06132000   0.03511000  -0.03445000   0.00000000  -0.00000000
  7.18670000   0.02054000  -0.01983000   0.04149000  -0.04099000   0.02070000  -0.02041000   0.00000000  -0.00000000
  7.26070000   0.00906200  -0.00902100   0.03565000  -0.03580000   0.01968000  -0.01986000   0.00000000  -0.00000000
  7.33470000   0.01542000  -0.01578000   0.04589000  -0.04640000   0.03041000  -0.03085000   0.00000000  -0.00000000
  7.40870000   0.02813000  -0.02847000   0.05811000  -0.05839000   0.04300000  -0.04328000   0.00000000  -0.00000000
  7.48170000   0.03498000  -0.03502000   0.05735000  -0.05710000   0.04560000  -0.04546000   0.00000000  -0.00000000
  7.55570000   0.03207000  -0.03189000   0.04404000  -0.04357000   0.03596000  -0.03556000   0.00000000  -0.00000000
  7.62970000   0.02760000  -0.02754000   0.03390000  -0.03377000   0.02482000  -0.02456000   0.00000000  -0.00000000
  7.70370000   0.03211000  -0.03236000   0.04060000  -0.04103000   0.02371000  -0.02381000   0.00000000  -0.00000000
  7.77770000   0.04419000  -0.04458000   0.05942000  -0.06003000   0.03165000  -0.03190000   0.00000000  -0.00000000
  7.85170000   0.05064000  -0.05079000   0.07029000  -0.07052000   0.03704000  -0.03708000   0.00000000  -0.00000000
  7.92570000   0.04232000  -0.04209000   0.05968000  -0.05944000   0.03177000  -0.03152000   0.00000000  -0.00000000
  7.99970000   0.02503000  -0.02470000   0.03639000  -0.03596000   0.02010000  -0.01977000   0.00000000  -0.00000000
  8.07270000   0.01173000  -0.01174000   0.02078000  -0.01997000   0.01219000  -0.01211000   0.00000000  -0.00000000
  8.14670000   0.00817000  -0.00879100   0.02195000  -0.01977000   0.01219000  -0.01256000   0.00000000  -0.00000000
  8.22070000   0.01001000  -0.01113000   0.03102000  -0.02680000   0.01544000  -0.01618000   0.00000000  -0.00000000
  8.29470000   0.01073000  -0.01189000   0.03428000  -0.02878000   0.01578000  -0.01649000   0.00000000  -0.00000000
  8.36870000   0.00823900  -0.00901100   0.02781000  -0.02239000   0.01229000  -0.01229000   0.00000000  -0.00000000
  8.44270000   0.00456100  -0.00487600   0.01840000  -0.01342000   0.00863200  -0.00738300   0.00000000  -0.00000000
  8.51670000   0.00201400  -0.00212000   0.01275000  -0.00789600   0.00736200  -0.00501300   0.00000000  -0.00000000
  8.58970000   0.00097460  -0.00111700   0.01027000  -0.00605000   0.00704900  -0.00459400   0.00000000  -0.00000000
  8.66370000   0.00058640  -0.00079930   0.00727000  -0.00473100   0.00535300  -0.00381300   0.00000000  -0.00000000
  8.73770000   0.00026460  -0.00044120   0.00327300  -0.00254700   0.00252400  -0.00206500   0.00000000  -0.00000000
  8.81170000   0.00001327  -0.00008919   0.00036620  -0.00056310   0.00037310  -0.00046780   0.00000000  -0.00000000
  8.88570000  -0.00007481   0.00007043  -0.00059160   0.00029650  -0.00037660   0.00021670   0.00000000  -0.00000000
  8.95970000  -0.00005723   0.00007196  -0.00046670   0.00032690  -0.00032050   0.00024510   0.00000000  -0.00000000
  9.03370000  -0.00002378   0.00003350  -0.00018940   0.00015230  -0.00013330   0.00011370   0.00000000  -0.00000000
  9.10770000  -0.00000655   0.00000999  -0.00005056   0.00004500  -0.00003610   0.00003340   0.00000000  -0.00000000
  9.18070000  -0.00000127   0.00000208  -0.00000950   0.00000925  -0.00000686   0.00000681   0.00000000  -0.00000000
  9.25470000  -0.00000018   0.00000031  -0.00000130   0.00000137  -0.00000095   0.00000100   0.00000000  -0.00000000
  9.32870000  -0.00000002   0.00000003  -0.00000013   0.00000015  -0.00000010   0.00000011   0.00000000  -0.00000000
  9.40270000  -0.00000000   0.00000000  -0.00000001   0.00000001  -0.00000001   0.00000001   0.00000000  -0.00000000
  9.47670000  -0.00000000   0.00000000  -0.00000000   0.00000000  -0.00000000   0.00000000   0.00000000  -0.00000000
  9.55070000  -0.00000000   0.00000000  -0.00000000   0.00000000  -0.00000000   0.00000000   0.00000000  -0.00000000
  9.62470000  -0.00000000   0.00000000  -0.00000000   0.00000000  -0.00000000   0.00000000   0.00000000  -0.00000000
  9.69870000  -0.00000000   0.00000000  -0.00000000   0.00000000  -0.00000000   0.00000000   0.00000000  -0.00000000
  9.77170000  -0.00000000   0.00000000  -0.00000000   0.00000000  -0.00000000   0.00000000   0.00000000  -0.00000000
  9.84570000  -0.00000000   0.00000000  -0.00000000   0.00000000  -0.00000000   0.00000000   0.00000000  -0.00000000
  9.91970000   0.00000000  -0.00000000   0.00000000  -0.00000000   0.00000000  -0.00000000   0.00000000  -0.00000000
  9.99370000   0.00000000  -0.00000000   0.00000000  -0.00000000   0.00000000  -0.00000000   0.00000000  -0.00000000
 10.06770000   0.00000000  -0.00000000   0.00000000  -0.00000000   0.00000000  -0.00000000   0.00000000  -0.00000000
 10.14170000   0.00000000  -0.00000000   0.00000000  -0.00000000   0.00000000  -0.00000000   0.00000000  -0.00000000
 10.21570000   0.00000000  -0.00000000   0.00000000  -0.00000000   0.00000000  -0.00000000   0.00000000  -0.00000000
 10.28970000   0.00000000  -0.00000000   0.00000000  -0.00000000   0.00000000  -0.00000000   0.00000000  -0.00000000
 10.36270000   0.00000000  -0.00000000   0.00000000  -0.00000000   0.00000000  -0.00000000   0.00000000  -0.00000000
 10.43670000   0.00000000  -0.00000000   0.00000000  -0.00000000   0.00000000  -0.00000000   0.00000000  -0.00000000
 10.51070000   0.00000000  -0.00000000   0.00000000  -0.00000000   0.00000000  -0.00000000   0.00000000  -0.00000000
 10.58470000   0.00000000  -0.00000000   0.00000000  -0.00000000   0.00000000  -0.00000000   0.00000000  -0.00000000
